NEW REC # Front Wall
255,0,0
-1,2,1
1,2,1
1,2,0
-1,2,0
NEW REC # Left Wall
0,255,0
-1,-2,1
-1,2,1
-1,2,0
-1,-2,0
NEW REC # Right Wall
0,0,255
1,2,1
1,-2,1
1,-2,0
1,2,0
NEW REC # Right Wall
128,0,128
1,-2,1
-1,-2,1
-1,-2,0
1,-2,0
NEW REC # Roof
170,210,230
-1,2,1
1,2,1
1,-2,1
-1,-2,1
NEW REC # Floor 1/8
255,255,255
-1,2,0
0,2,0
0,1,0
-1,1,0
NEW REC # Floor 2/8
0,0,0
-1,1,0
0,1,0
0,0,0
-1,0,0
NEW REC # Floor 3/8
0,0,0
0,2,0
1,2,0
1,1,0
0,1,0
NEW REC # Floor 4/8
255,255,255
0,1,0
1,1,0
1,0,0
0,0,0
NEW REC # Floor 5/8
255,255,255
-1,0,0
0,0,0
0,-1,0
-1,-1,0
NEW REC # Floor 6/8
0,0,0
-1,-1,0
0,-1,0
0,-2,0
-1,-2,0
NEW REC # Floor 7/8
0,0,0
0,0,0
1,0,0
1,-1,0
0,-1,0
NEW REC # Floor 8/8
255,255,255
0,-1,0
1,-1,0
1,-2,0
0,-2,0
